ZOO_GROUPS=-14533322,-173391748,-58621183,-64484475,-21560568,-120370812,-31709755,-508126,-180961180,-152022457,-84485443,-29318521,-29673068,-28922222,-48794143,-134349629,-72813402,-161948183,-28801392,-84061463,-60613586,-90100187,-111338831,-107971955,-131628432,-148878219,-1324811,-94890857,-71072233,-56538295,-145204254,-133938720,-177238293,-51140326,-132284497,-8684575,-118465763,-75618061,-157592823,-8629536541,-15601114,-55526277,-65604472,-58785418,-48560350,-134935905,-19571231,-84976198,-50109617,-145680687,-129516924,-5952368,-102931985,-122380744,-71430914,-97812727,-27552796,-145189203,-29153993,-60166387,-121253709,-160575137,-171500053,-175916968,-156630498,-20066531,-33348010,-80810580,-90700964,-169365411,-68941886,-61593103,-134797865,-7959687,-59897565,-86117014,-60510194,-41539254,-62112902,-71471640,-58524900,-21777999,-59739069,-26303126,-60050374,-40340564,-78223620,-63217280,-175962881,-60503284,-165066222,-177826990,-138336594,-128054168,-128288009,-105288001,-43460719,-75155667,-21111550,-117793732,-131648477,-138103581,-63794824,-169697349,-43451887,-79274335,-193093226,-149565199,-63416843,-168453143,-86823331,-62534457,-39742847,-62019049,-75498839,-109871352,-43188400,-92799914,-164612572,-129177010,-92404030,-53559521,-172969504,-91947845,-49833607,-45559340,-57313034,-102037413,-191805444,-64599457,-174376317,-112555599,-189193096,-75990408,-95024443,-111797210,-72107087,-183754941,-42185514,-169930690,-64306495,-112325014,-145798006,-123520636,-99270792,-144353696,-101634143,-82237770,-105764660,-182727083,-89589424,-197906327,-107357898,-201821937,-201596541,-166775366,-78078703,-170593154,-3513531,-73116999,-61890155,-84306263,-103145859,-64211695,-116034302,-123745971,-37660923,-161417618,-65035951,-130636123,-44676691,-119041425,-91507000,-58988937,-142546775,-135671635,-96335097,-184528215,-85234037,-61111322,-32418278,-89653421,-85841014,-57037636,-76687770,-31604731,-69065716,-53053773,-95094308,-109124359,-68195702,-64897827,-85220921,-76655015,-111141040,-97552276,-158858753,-109115158,-84382507,-109161727,-99671386,-52295682,-51019753,-120646234,-171258577,-121513740,-192968702,-121703753,-127815471,-54253783,-108201590,-164613795,-6506838,-140836437

ZOO_GROUPS2=-14533322,-27552796,-134935905,-132284497,-71430914,-97812727,-118465763,-94890857,-56538295,-8684575,-508126,-19571231,-21560568,-102931985,-51140326,-122380744,-107971955,-157592823,-75618061

ZOO_GROUPS_OSVV=-4292858,-14533322,-55526277,-27552796,-36833844,-134935905,-132284497,-71430914,-97812727,-29153993,-118465763,-94890857,-56538295,-8684575,-508126,-19571231,-21560568,-102931985,-84061463,-93248976,-51140326,-5952368,-122380744,-107971955,-157592823,-60166387

CATS_SPB=-2037508,-43412274,-67308970,-17647759,-29392974,-92540905,-6939929,-29617906,-11559459,-13398750,-41250084,-30140231,-77315365,-33621085,-25649071,-13554032,-5512,-17205538,-131528903,-156969453,-12076190,-1574329,-23300841,-23238377,-20600109,-38694090,-726,-936218,-53970886,-45066975

ZOO_GROUPS_DOP=-175962881,-60503284,-165066222,-177826990,-138336594,-128054168,-128288009,-137975562,-105288001,-43460719,-75155667,-21111550,-117793732,-131648477,-138103581,-63794824,-169697349,-43451887,-79274335,-193093226,-149565199,-63416843,-168453143,-86823331,-62534457,-39742847,-62019049,-75498839,-109871352,-43188400,-92799914,-164612572,-129177010,-92404030,-53559521,-172969504,-91947845,-49833607,-45559340,-57313034,-102037413,-191805444,-64599457,-174376317,-112555599,-189193096,-75990408,-95024443,-111797210,-72107087,-183754941,-42185514,-169930690,-64306495,-112325014,-145798006,-123520636,-99270792,-144353696,-101634143,-82237770,-105764660,-182727083,-89589424,-197906327,-107357898,-201821937,-201596541,-166775366,-78078703,-170593154,-3513531,-73116999,-61890155,-84306263,-103145859,-64211695,-116034302,-123745971,-37660923,-161417618,-65035951,-130636123,-44676691,-119041425,-91507000,-58988937,-142546775,-135671635,-96335097,-184528215,-85234037,-61111322,-32418278,-89653421,-85841014,-57037636,-76687770,-31604731,-69065716,-53053773,-95094308,-109124359,-68195702,-64897827,-85220921,-76655015,-111141040,-97552276,-158858753,-109115158,-84382507,-109161727,-99671386,-52295682,-51019753,-120646234,-171258577,-121513740,-192968702,-121703753,-127815471,-54253783,-108201590,-108201590,-164613795,-6506838,-140836437

DOGS_SPB = -155187569,-100570045,-34418418,-176893841,-153486516,-25649071,-200851922,-175345667,-5202904,-23482677,-319116,-309119,-2249084,-27194590,-37599,-76134309,-393950,-79836128,-9332948,-16441378,-40576020,-13554032,-80891078,-32244057,-91526784,-74272046,-654889,-33079935,-123525,-2532197,-23083458,-1085343,-12374040,-459068,-5390849,-697692,-932181,-56483164,-6058805,-33242918,-80911895,-48092545,-29807462,-53946105,-36929302,-48555522,-5014123,-33566099,-48998159,-142943168,-61251736,-81019947