-178445301
-129850074
-99632424
-207617895
-29153993
-160575137
-83259155
-163164764
-63597313
-207612331
-66322912
-168723242
-130032916
-33348010
-80810580
-68941886
-61593103
-134797865
-97146911
-147668830
-207630478
-207618022
-207617746
-7959687
-59897565
-60510194
-41539254
-62112902
-71471640
-64813349
-207618103
-32966876
-94581367
-21777999
-59739069
-60050374
-40340564
-78223620
-63217280
-175962881
-60503284
-105636819
-140796965
-177826990
-138336594
-128054168
-128288009
-105288001
-43460719
-207618591
-87640934
-207610193
-73827195
-87721351
-58912288
-98296371
-39973723
-66829441
-138286935
-20066531
-85453484
-201582650
-37542950
-64977747
-150999864
-93798833
-129612623
-25139730
-38012186
-39547616
-199379663
-184070459
-198235587
-148468600
-143330935
-165783317
-33867020
-134884299
-39354076
-38834940
-195202672
-178266395
-62722204
-48935453
-4070078
-67273496
-39699882
-195796594
-95113704
-42354027
-127392936
-126734367
-64208387
-104264026
-138285883
-714434593
-72667011
-86683262
-78821903