-198156073
-169352359
-67644613
-83599633
-100044923
-71862692
-180044739
-10361297
-109031397
-96142032
-56549622
-99868511
-134095699
-66464452
-103906797
-58120122
-76954473
-179339781
-74083306
-39632214
-100495676
-184206158
-119154200
-161181836
-153644145
-41959983
-140047998
-113419535
-127156995
-149650299
-200135499
-12211428
-149492168
-81559324
-85866660
-87010431
-109124863
-42145497
-146595782
-161626784
-166045228
-122045236
-101270328
-154692298
-175245914
-84934012
-194744440
-163847173
-28567055
-128411701
-191617996
-190665287
-122309490
-128511926
-135110131
-30968625
-45255344
-27552796
-103765676
-128462175
-173551688
-142176756
-1998799
-45979112
-127751932
-186106820
-105474827
-202896754
-103722864
-193436953
-162027128
-92157594
-192394083
-182323721
-87285919
-178502934
-116112218
-198116529
-158476323
-172910296
-122709424