-14533322
-173391748
-58621183
-64484475
-21560568
-120370812
-31709755
-508126
-180961180
-152022457
-84485443
-29318521
-29673068
-28922222
-48794143
-134349629
-72813402
-161948183
-28801392
-84061463
-60613586
-90100187
-111338831
-107971955
-131628432
-148878219
-1324811
-94890857
-71072233
-56538295
-145204254
-133938720
-177238293
-51140326
-132284497
-8684575
-118465763
-75618061
-157592823
-8629536541
-15601114
-55526277
-65604472
-58785418
-48560350
-134935905
-19571231
-84976198
-50109617
-145680687
-5952368
-102931985
-122380744
-71430914
-97812727
-27552796
-29153993
-60166387
-121253709
-160575137
-20066531
-33348010
-80810580
-68941886
-61593103
-134797865
-7959687
-59897565
-86117014
-60510194
-41539254
-62112902
-71471640
-58524900
-21777999
-59739069
-60050374
-40340564
-78223620
-63217280
-175962881
-165066222
-177826990
-138336594
-128054168
-128288009
-105288001
-43460719
-21111550
-117793732
-131648477
-138103581
-63794824
-169697349
-43451887
-79274335
-149565199
-63416843
-168453143
-86823331
-62534457
-39742847
-62019049
-75498839
-43188400
-92799914
-164612572
-129177010
-92404030
-53559521
-172969504
-91947845
-49833607
-45559340
-57313034
-102037413
-191805444
-64599457
-174376317
-112555599
-189193096
-75990408
-95024443
-111797210
-72107087
-183754941
-42185514
-169930690
-64306495
-112325014
-145798006
-123520636
-99270792
-144353696
-101634143
-82237770
-105764660
-182727083
-89589424
-197906327
-107357898
-201821937
-201596541
-166775366
-78078703
-170593154
-3513531
-73116999
-61890155
-84306263
-103145859
-64211695
-116034302
-123745971
-37660923
-161417618
-65035951
-130636123
-44676691
-119041425
-91507000
-58988937
-142546775
-135671635
-96335097
-184528215
-85234037
-61111322
-32418278
-89653421
-85841014
-57037636
-76687770
-31604731
-69065716
-53053773
-95094308
-109124359
-68195702
-64897827
-85220921
-76655015
-111141040
-97552276
-158858753
-109115158
-84382507
-109161727
-99671386
-52295682
-51019753
-120646234
-171258577
-121513740
-192968702
-121703753
-127815471
-54253783
-108201590
-164613795
-6506838
-140836437