-21111550
-117793732
-131648477
-138103581
-63794824
-169697349
-43451887
-79274335
-193093226
-14533322
-149565199
-63416843
-168453143
-86823331
-62534457
-39742847
-62019049
-75498839
-43188400
-92799914
-164612572
-129177010
-92404030
-53559521
-172969504
-91947845
-49833607
-45559340
-57313034
-102037413
-191805444
-64599457
-174376317
-112555599
-189193096
-75990408
-95024443
-111797210
-72107087
-183754941
-42185514
-169930690
-64306495
-112325014
-123520636
-99270792
-144353696
-101634143
-82237770
-105764660
-182727083
-97864842
-89589424
-197906327
-107357898
-201821937
-166775366
-78078703
-170593154
-69981210
-73116999
-61890155
-84306263
-103145859
-64211695
-116034302
-123745971
-37660923
-161417618
-65035951
-130636123
-44676691
-119041425
-91507000
-58988937
-142546775
-135671635
-96335097
-184528215
-85234037
-61111322
-32418278
-89653421
-85841014
-57037636
-76687770
-31604731
-69065716
-95094308
-109124359
-68195702
-64897827
-85220921
-76655015
-111141040
-97552276
-158858753
-109115158
-84382507
-109161727